4294967279,110
4294967279,109
4294967279,107
4294967279,96
4294967279,95
4294967279,93
4294967294,996
4294967279,524
4294967279,309
4294967279,173
4294967279,172
4294967294,1016
4294967279,171
4294967279,523
9710,6
9710,5
4294967278,166
9710,4
9710,3
9710,2
9710,1
4294967278,165
4294967279,285
4294967279,343
4294967278,160
4294967278,344
4294967279,160
4294967279,159
4294967279,158
4294967278,157
4294967278,156
4294967279,522
4294967278,155
4294967279,153
4294967278,153
4294967279,151
4294967278,343
4294967279,381
4294967278,408
4294967279,328
4294967279,574
9707,6
9707,5
4294967279,141
9707,4
9707,3
9707,2
9707,1
4294967278,266
4294967278,263
4294967279,516
4294967278,135
4294967278,134
4294967278,342
4294967278,336
4294967278,440
4294967278,388
4294967278,425
4294967278,60
4294967278,59
4294967278,367
4294967278,58
4294967278,414
4294967278,55
4294967278,247
4294967278,53
4294967278,52
4294967278,51
4294967278,50
4294967278,49
4294967278,44
4294967278,42
4294967278,41
4294967278,40
4294967278,39
4294967278,245
4294967278,37
4294967278,36
4294967278,35
4294967278,34
4294967278,30
4294967278,28
4294967278,26
4294967278,25
4294967278,24
4294967278,20
4294967278,17
4294967278,16
4294967279,82
4294967279,78
4294967279,77
4294967279,74
4294967279,517
4294967279,566
4294967279,59
4294967279,53
4294967279,51
4294967279,49
4294967279,45
4294967279,42
4294967279,39
4294967279,36
4294967279,348
4294967279,34
4294967279,31
4294967279,29
4294967279,25
4294967279,379
4294967279,174
4294967278,219
4294967278,174
4294967279,513
4294967278,439
4294967279,12
4294967278,340
4294967278,11
4294967278,137
4294967279,256
9704,5
9704,4
9704,3
9704,2
9704,1
4294967278,258
4294967278,280
4294967279,156
4294967278,303
4294967278,254
4294967278,446
4294967278,329
9702,5
9702,4
9702,3
9702,2
9702,1
4294967279,324
9700,6
4294967294,412
4294967294,414
4294967294,1004
4294967294,402
4294967294,410
4294967294,110
4294967294,1014
9700,5
9700,4
9700,3
9700,2
9700,1
4294967279,299
4294967279,345
9699,5
9699,4
4294967278,213
9699,3
9699,2
9699,1
9698,5
9698,4
9698,3
9698,2
9698,1
4294967279,297
9697,5
4294967278,198
9697,4
9697,3
9697,2
9697,1
4294967279,81
4294967279,72
9695,4
9695,3
9695,2
9695,1
4294967278,235
4294967279,70
4294967279,69
4294967278,398
4294967279,220
4294967279,67
4294967279,137
4294967279,383
4294967279,65
4294967279,64
4294967279,61
4294967279,58
4294967278,48
4294967278,339
4294967278,57
4294967278,56
4294967278,168
4294967279,56
4294967278,54
4294967279,54
4294967279,166
9694,6
4294967278,162
9694,5
9694,4
9694,2
9694,1
4294967278,47
4294967278,38
4294967279,47
4294967278,46
4294967278,255
4294967278,45
4294967278,422
4294967279,44
4294967279,310
4294967278,43
4294967279,152
4294967279,35
4294967278,33
4294967278,424
4294967279,24
4294967279,382
4294967278,32
4294967279,380
4294967278,31
4294967278,359
4294967294,1008
4294967278,29
4294967278,284
4294967278,27
9691,6
4294967279,272
9691,5
9691,4
9691,3
9691,2
9691,1
4294967279,23
4294967279,308
4294967294,399
4294967294,190
4294967294,180
4294967294,175
4294967278,22
4294967278,133
4294967278,361
4294967279,270
4294967278,19
4294967279,378
4294967279,282
4294967278,265
4294967279,275
4294967279,538
4294967278,338
4294967279,266
4294967278,337
4294967279,267
4294967278,257
9688,5
9688,4
9688,2
9688,1
4294967278,332
4294967279,555
4294967278,331
4294967279,376
9686,5
9686,4
9686,3
9686,2
9686,1
4294967279,377
9684,6
4294967279,375
9684,5
9684,4
9684,3
9684,2
9684,1
4294967278,417
4294967278,214
4294967279,312
4294967278,347
9683,5
9683,4
9683,3
9683,2
9683,1
4294967278,201
9682,5
4294967278,200
9682,4
9682,3
9682,2
9682,1
4294967279,321
4294967278,199
9681,5
9681,4
9681,3
9681,2
9681,1
4294967294,163
4294967294,1011
4294967278,368
4294967279,185
4294967279,184
9679,4
9679,3
9679,2
9679,1
4294967279,342
4294967278,418
4294967279,319
4294967278,296
4294967294,408
4294967294,147
4294967294,420
4294967294,178
4294967294,167
4294967294,403
4294967294,461
4294967294,468
4294967294,448
4294967294,109
4294967278,416
4294967278,23
4294967278,21
4294967278,421
4294967278,18
4294967278,15
4294967278,14
4294967278,390
4294967278,13
4294967278,12
4294967278,10
4294967279,314
4294967279,76
4294967279,325
4294967279,358
4294967279,50
4294967279,565
4294967279,11
4294967279,167
4294967279,374
4294967278,231
4294967279,347
4294967278,159
4294967279,154
9678,6
4294967279,157
9678,5
9678,4
4294967279,155
9678,2
9678,1
4294967279,339
4294967278,152
4294967279,373
4294967279,148
4294967279,147
4294967279,146
4294967279,340
4294967279,525
4294967278,333
4294967294,197
4294967294,195
4294967278,330
4294967279,284
4294967278,423
4294967278,136
4294967279,372
4294967279,134
4294967279,133
9675,6
9675,5
9675,4
9675,3
9675,2
9675,1
4294967278,404
4294967278,328
4294967278,281
4294967278,262
4294967279,371
4294967278,261
4294967278,326
4294967279,369
4294967279,367
4294967278,447
9672,5
9672,4
9672,2
9672,1
4294967278,250
4294967278,275
4294967279,337
4294967278,437
4294967278,238
4294967278,237
4294967278,234
4294967278,232
9670,5
9670,4
9670,3
9670,2
9670,1
4294967278,224
4294967294,114
4294967278,325
4294967279,304
4294967278,216
9668,6
4294967278,212
4294967278,409
9668,5
9668,4
9668,3
9668,2
9668,1
4294967279,352
4294967294,1414
4294967294,998
4294967294,1006
4294967294,173
4294967294,386
9667,5
9667,4
9667,3
9667,2
9667,1
4294967278,251
4294967278,202
4294967279,570
4294967278,323
4294967278,314
4294967279,196
9666,5
4294967279,195
9666,4
4294967278,194
9666,3
9666,2
9666,1
4294967278,369
4294967279,194
4294967279,192
9665,5
4294967279,188
4294967278,187
9665,4
9665,3
9665,2
9665,1
4294967278,186
4294967278,185
4294967279,183
4294967294,198
4294967279,534
4294967279,182
4294967279,181
4294967279,180
4294967278,179
4294967278,176
9663,4
4294967279,176
9663,3
9663,2
9663,1
4294967278,175
4294967294,400
4294967294,1416
4294967294,398
4294967294,443
4294967294,183
4294967294,148
4294967294,469
4294967294,506
4294967294,453
4294967294,450
4294967279,252
4294967294,389
4294967294,423
4294967294,120
4294967279,216
4294967278,375
4294967279,286
4294967279,532
4294967294,387
4294967279,307
4294967278,322
4294967278,260
4294967294,11
4294967294,68
4294967278,132
4294967278,131
4294967278,129
4294967278,128
4294967278,127
4294967278,126
4294967278,122
4294967278,120
4294967278,119
4294967278,118
4294967278,117
4294967278,116
4294967278,115
4294967278,114
4294967278,112
4294967278,110
4294967278,109
4294967278,108
4294967278,107
4294967278,106
4294967278,105
